sigma = 0	Accuracy = 0.34263697591165587	Macro_F1 = 0.05356627244474779	Micro_F1 = 0.040729590933238885
sigma = 1	Accuracy = 0.4109599010261262	Macro_F1 = 0.25155148020852286	Micro_F1 = 0.2833362847529662
sigma = 2	Accuracy = 0.39125614910275064	Macro_F1 = 0.14372953461996	Micro_F1 = 0.22206481317513724
sigma = 3	Accuracy = 0.38240671768131645	Macro_F1 = 0.1222569467495856	Micro_F1 = 0.19249158845404638
