eps = 0.1	minPts = 5	purity = 0.840722724113968	RI = 0.9352719366829235
eps = 0.1	minPts = 6	purity = 0.8373870743571925	RI = 0.9318708411224883
eps = 0.1	minPts = 7	purity = 0.828769979152189	RI = 0.9284221099800505
eps = 0.1	minPts = 8	purity = 0.8200138985406532	RI = 0.9247950448177229
